1 1 1 1   3075.27  15   2   5   5
 1 1 1 2    485.83   2   0   0   0
 1 1 1 3    478.18   5   0   1   2
 1 1 1 4    337.29   5   0   0   1
 1 1 2 1   3981.61  27   2   2  10
 1 1 2 2    656.06   5   1   2   1
 1 1 2 3    190.34   2   0   0   1
 1 1 2 4     12.46   1   0   0   1
 1 2 1 1    936.75   4   0   1   2
 1 2 1 2    194.58   1   1   1   0
 1 2 1 3    164.87   2   1   1   0
 1 2 1 4    121.00   0   0   0   0
 1 2 2 1  10740.68  85   2   4  32
 1 2 2 2   1696.77   9   1   2   4
 1 2 2 3    870.52  14   0   1   6
 1 2 2 4    224.00   0   0   0   0
 1 3 2 1  12451.29 101   7  13  38
 1 3 2 2   2511.97  15   0   2   5
 1 3 2 3    868.35  12   0   2   5
 1 3 2 4    291.78   4   0   1   2
 1 4 2 1   7151.03  39   1   4  18
 1 4 2 2   1341.63  18   3   3   8
 1 4 2 3    419.81   6   0   1   2
 1 4 2 4    160.61   2   0   0   1
 2 1 1 1   2849.76  51   2   8  21
 2 1 1 2    390.45   5   0   1   4
 2 1 1 3    333.04   3   1   2   1
 2 1 1 4    626.72  14   4   5   5
 2 1 2 1   1912.89  30   4   7  15
 2 1 2 2    202.69   4   0   0   1
 2 1 2 3     90.50   3   0   0   3
 2 1 2 4     14.96   1   0   0   1
 2 2 1 1   2195.59  49   3   9  18
 2 2 1 2    346.17  14   2   2   7
 2 2 1 3    287.79   8   1   1   4
 2 2 1 4    349.53  11   3   4   6
 2 2 2 1   5624.50 109   5  15  48
 2 2 2 2    933.45  26   7   9   9
 2 2 2 3    410.94   8   1   4   0
 2 2 2 4     75.41   6   2   2   1
 2 3 1 1    747.77  24   3   4   8
 2 3 1 2    142.13   3   0   0   1
 2 3 1 3    127.51   2   1   1   0
 2 3 1 4    142.33   5   1   1   2
 2 3 2 1   9194.02 164  13  26  78
 2 3 2 2   1919.44  42   5   6  18
 2 3 2 3    902.38  20   2   2   8
 2 3 2 4    487.17  12   3   4   2
 2 4 2 1   8494.53 126   8  21  58
 2 4 2 2   1896.43  39   6   8  21
 2 4 2 3    688.03  12   3   4   4
 2 4 2 4    425.13   9   0   0   7
 3 1 1 1   2085.43  70   2  15  26
 3 1 1 2    194.49   6   1   3   2
 3 1 1 3    291.77  13   1   2   6
 3 1 1 4    672.09  32   9  15  10
 3 1 2 1    657.75  16   1   2   9
 3 1 2 2     70.65   3   0   1   2
 3 1 2 3     33.42   2   0   0   0
 3 2 1 1   1675.91  63   7  12  28
 3 2 1 2    225.40  14   2   5   3
 3 2 1 3    209.68  13   1   4   6
 3 2 1 4    441.10  20   7   7   7
 3 2 2 1   1945.95  75   6  13  33
 3 2 2 2    203.50   3   0   0   2
 3 2 2 3    156.38   3   1   1   1
 3 2 2 4     38.13   3   0   1   2
 3 3 1 1   1501.73  68  10  16  33
 3 3 1 2    234.83  10   4   4   5
 3 3 1 3    190.86   8   3   5   3
 3 3 1 4    244.82  13   3   5   7
 3 3 2 1   4088.70 155  12  28  80
 3 3 2 2    712.76  34   7  12  13
 3 3 2 3    390.72  15   3   4   9
 3 3 2 4    190.84   6   2   3   1
 3 4 1 1    440.21  15   1   2   9
 3 4 1 2    101.32   4   3   3   0
 3 4 1 3    100.80   3   1   1   2
 3 4 1 4    100.64   4   1   1   2
 3 4 2 1   5100.05 184  19  40  93
 3 4 2 2   1052.78  43   6  13  18
 3 4 2 3    621.84  25   4  10  13
 3 4 2 4    419.09  13   0   2   7
 4 1 1 1    833.61  67   3  10  29
 4 1 1 2    110.26  14   0   1   5
 4 1 1 3    158.70  15   0   0  10
 4 1 1 4    277.25  25   1   4   9
 4 1 2 1    114.15  12   0   1   4
 4 1 2 2      4.25   2   0   0   0
 4 1 2 3      9.00   0   0   0   0
 4 2 1 1    973.32  79   6  10  39
 4 2 1 2     54.57  10   1   2   2
 4 2 1 3    108.28  13   1   4   3
 4 2 1 4    268.27  32   2   8  14
 4 2 2 1    358.35  38   1   8  20
 4 2 2 2     38.37   3   0   0   3
 4 2 2 3     39.16   4   1   1   3
 4 2 2 4     10.62   1   0   1   0
 4 3 1 1   1027.12  77   6  13  47
 4 3 1 2    105.58   7   2   2   2
 4 3 1 3     54.74   5   0   0   3
 4 3 1 4    197.20  24   1   5  13
 4 3 2 1   1097.92  87   5  22  37
 4 3 2 2    127.62  13   0   0  10
 4 3 2 3     68.54  11   0   0   6
 4 3 2 4     45.38   5   1   1   3
 4 4 1 1    674.44  54   6  10  29
 4 4 1 2     97.14  10   1   2   2
 4 4 1 3     94.00   3   2   2   0
 4 4 1 4     92.75  10   2   3   2
 4 4 2 1   1763.50 141  14  22  86
 4 4 2 2    324.74  15   2   5   7
 4 4 2 3    180.22   6   0   1   4
 4 4 2 4    114.36   5   0   1   4
